Results of individual 3D analysis
Dataset name, F:\microCT\Axial\AX13_RC05\AX13_RC05_Rec_20150722\ReconstructedAnalysis_20160615\VOI_new\ax13_rc05_meghan__rec0000
Number of objects, 525
#,Object volume,Object surface,Volume of pores,Surface of pores,Porosity,Number of pores,Centroid x,Centroid y,Centroid z,Structure model index,Volume-equivalent sphere diameter,Surface-equivalent sphere diameter,Sauter diameter,Sphericity,Density,
,Obj.V,Obj.S,Po.V,Po.S,Po,Po.N,Crd.X,Crd.Y,Crd.Z,SMI,ESDv,ESDs,Sau.Dm,Sph,Dens,
,um^3,um^2,um^3,um^2,,,um,um,um,,um,um,um,,Index,
1,18458.06098,6017.75777,0.00000,0.00000,0.0000,0,565.79691,234.52273,33.09863,1.79812,32.78907,43.76656,18.40359,0.56127,n/a,
2,914.01630,1185.38563,0.00000,0.00000,0.0000,0,524.53486,542.73575,29.56967,1.19254,12.04070,19.42473,4.62643,0.38423,n/a,
3,24673.16666,7204.93987,0.00000,0.00000,0.0000,0,1123.04680,597.56742,33.65699,1.82840,36.11953,47.88949,20.54688,0.56886,n/a,
4,37660.91664,7921.88841,0.00000,0.00000,0.0000,0,199.82162,692.48132,36.08805,2.44750,41.58762,50.21569,28.52420,0.68588,n/a,
5,161.17630,166.47292,0.00000,0.00000,0.0000,0,933.18332,850.82893,31.22445,3.29507,6.75203,7.27942,5.80910,0.86035,n/a,
6,309805.23506,28991.47519,0.00000,0.00000,0.0000,0,461.94277,1129.42510,47.09350,2.78548,83.95181,96.06390,64.11648,0.76373,n/a,
7,207.60335,193.51043,0.00000,0.00000,0.0000,0,535.75651,579.51712,33.69812,3.35423,7.34647,7.84833,6.43697,0.87620,n/a,
8,0.14399,1.64168,0.00000,0.00000,0.0000,0,650.68156,61.19827,32.99907,2.64967,0.65029,0.72288,0.52625,0.80924,n/a,
9,778.46983,459.91639,0.00000,0.00000,0.0000,0,221.26012,494.79178,42.82230,3.40175,11.41338,12.09942,10.15580,0.88982,n/a,
10,1328.06211,648.03442,0.00000,0.00000,0.0000,0,328.90983,1066.75238,44.60845,3.48707,13.63766,14.36230,12.29622,0.90164,n/a,
11,12466.25331,2896.99910,0.00000,0.00000,0.0000,0,802.26989,960.32962,51.98066,3.43868,28.76818,30.36681,25.81897,0.89748,n/a,
12,1680.22017,759.22002,0.00000,0.00000,0.0000,0,92.98753,652.79342,55.75438,3.46911,14.74990,15.54565,13.27852,0.90024,n/a,
13,3904.76808,1320.70722,0.00000,0.00000,0.0000,0,1197.30978,449.47806,62.12121,3.49412,19.53734,20.50352,17.73944,0.90798,n/a,
14,37457.83090,6011.38281,0.00000,0.00000,0.0000,0,1043.98508,643.08792,75.86776,3.48614,41.51273,43.74337,37.38690,0.90061,n/a,
15,387.23708,290.59913,0.00000,0.00000,0.0000,0,555.23833,942.25622,59.73065,3.39002,9.04328,9.61772,7.99528,0.88411,n/a,
16,197.94717,190.36755,0.00000,0.00000,0.0000,0,556.00747,777.02444,65.52201,3.28964,7.23075,7.78434,6.23889,0.86283,n/a,
17,431.37833,310.24737,0.00000,0.00000,0.0000,0,1009.71896,381.95651,79.60440,3.41062,9.37461,9.93755,8.34260,0.88991,n/a,
18,180.88462,180.97881,0.00000,0.00000,0.0000,0,1184.68690,786.10408,84.89971,3.26873,7.01672,7.58995,5.99688,0.85466,n/a,
19,3167.65873,1147.48256,0.00000,0.00000,0.0000,0,1110.47265,580.96352,98.47726,3.50263,18.22132,19.11165,16.56317,0.90900,n/a,
20,111579.61620,12423.00522,0.00000,0.00000,0.0000,0,653.26430,115.65584,118.53179,3.49180,59.73040,62.88374,53.89016,0.90222,n/a,
21,484.43782,332.63497,0.00000,0.00000,0.0000,0,700.54148,969.83137,98.41394,3.44103,9.74421,10.28985,8.73819,0.89676,n/a,
22,23548.64925,4457.53301,0.00000,0.00000,0.0000,0,615.71417,792.68370,128.29121,3.45950,35.56224,37.66798,31.69733,0.89132,n/a,
23,2384.85128,968.83594,0.00000,0.00000,0.0000,0,493.00084,366.67806,119.59307,3.42259,16.57630,17.56104,14.76938,0.89099,n/a,
24,383851.21980,29076.41997,0.00000,0.00000,0.0000,0,690.53455,637.53277,169.08391,3.49806,90.16848,96.20453,79.20877,0.87845,n/a,
25,316.89006,255.62438,0.00000,0.00000,0.0000,0,503.71731,223.77139,133.71362,3.35396,8.45869,9.02041,7.43802,0.87933,n/a,
26,1280.31217,632.77095,0.00000,0.00000,0.0000,0,1030.49374,715.21734,136.69843,3.46060,13.47222,14.19215,12.14005,0.90112,n/a,
27,140250.96299,14534.69528,0.00000,0.00000,0.0000,0,616.57221,862.51893,160.94748,3.47250,64.46180,68.01865,57.89635,0.89815,n/a,
28,12175.01287,4375.52787,0.00000,0.00000,0.0000,0,470.51536,100.43234,160.43541,2.08498,28.54239,37.31988,16.69515,0.58492,n/a,
29,381.93653,286.94690,0.00000,0.00000,0.0000,0,287.06077,1108.49632,143.26182,3.40971,9.00183,9.55709,7.98621,0.88718,n/a,
30,1737.41931,776.32327,0.00000,0.00000,0.0000,0,1119.42300,593.29880,147.24326,3.45525,14.91541,15.71978,13.42806,0.90028,n/a,
31,9324.61136,2374.75244,0.00000,0.00000,0.0000,0,1210.01370,751.72392,154.14578,3.47280,26.11424,27.49377,23.55937,0.90217,n/a,
32,2694.49695,1034.72805,0.00000,0.00000,0.0000,0,569.52905,220.67807,150.51614,3.47212,17.26473,18.14839,15.62438,0.90499,n/a,
33,6985.59319,1958.48648,0.00000,0.00000,0.0000,0,1041.40703,390.67899,159.06276,3.47592,23.71746,24.96809,21.40099,0.90233,n/a,
34,894.88393,577.07001,0.00000,0.00000,0.0000,0,655.47567,1248.02354,160.37361,2.86536,11.95610,13.55312,9.30442,0.77822,n/a,
35,134575.12747,14068.24276,0.00000,0.00000,0.0000,0,344.59396,793.56894,188.15769,3.49104,63.58022,66.91831,57.39528,0.90272,n/a,
36,85469.34369,10473.40788,0.00000,0.00000,0.0000,0,793.01636,873.42000,186.38266,3.46019,54.65173,57.73898,48.96363,0.89592,n/a,
37,2004.95757,853.59568,0.00000,0.00000,0.0000,0,878.99875,290.40763,166.35473,3.44353,15.64476,16.48357,14.09303,0.90081,n/a,
38,2219.35894,1287.04149,0.00000,0.00000,0.0000,0,313.72782,1138.94764,185.58216,2.29802,16.18364,20.24050,10.34633,0.63931,n/a,
39,516550.73570,34515.55035,0.00000,0.00000,0.0000,0,843.12711,363.34174,225.89804,3.51436,99.54928,104.81718,89.79444,0.90201,n/a,
40,969.64058,525.56765,0.00000,0.00000,0.0000,0,98.73977,613.50430,190.28374,3.44127,12.28016,12.93419,11.06964,0.90142,n/a,
41,117825.57126,12989.13494,0.00000,0.00000,0.0000,0,994.01321,224.20743,223.27105,3.48759,60.82475,64.30062,54.42652,0.89481,n/a,
42,13646.92595,3074.51175,0.00000,0.00000,0.0000,0,845.92536,1039.37479,211.75801,3.45516,29.64914,31.28334,26.63238,0.89825,n/a,
43,2717.27402,1040.74264,0.00000,0.00000,0.0000,0,257.57197,422.33085,207.04566,3.47980,17.31324,18.20106,15.66539,0.90482,n/a,
44,603.55170,393.19434,0.00000,0.00000,0.0000,0,140.11671,563.36826,208.89813,3.39557,10.48508,11.18739,9.20998,0.87839,n/a,
45,2.60798,16.07668,0.00000,0.00000,0.0000,0,259.19266,1098.74534,206.88826,2.01799,1.70779,2.26216,0.97333,0.56993,n/a,
46,320.30977,257.44837,0.00000,0.00000,0.0000,0,552.07288,989.91708,210.52194,3.34297,8.48901,9.05253,7.46503,0.87937,n/a,
47,0.35997,3.67803,0.00000,0.00000,0.0000,0,260.39262,1099.76884,207.29413,2.40431,0.88258,1.08201,0.58722,0.66534,n/a,
48,1438.45572,689.63685,0.00000,0.00000,0.0000,0,1064.53552,653.24695,218.51067,3.43442,14.00552,14.81615,12.51490,0.89357,n/a,
49,319.87781,264.48061,0.00000,0.00000,0.0000,0,913.73200,1007.01091,221.32073,3.31129,8.48520,9.17534,7.25674,0.85522,n/a,
50,374.87213,279.62339,0.00000,0.00000,0.0000,0,867.60934,119.12729,221.74871,3.44738,8.94599,9.43435,8.04379,0.89915,n/a,
51,211273.64212,25880.09650,0.00000,0.00000,0.0000,0,268.65442,1087.15602,268.53651,2.72842,73.89509,90.76283,48.98134,0.66285,n/a,
52,112889.54484,12536.10867,0.00000,0.00000,0.0000,0,484.02859,793.10238,253.59372,3.50557,59.96323,63.16935,54.03090,0.90107,n/a,
53,0.03600,0.62350,0.00000,0.00000,0.0000,0,234.59335,1076.36950,226.19359,2.54034,0.40966,0.44550,0.34640,0.84558,n/a,
54,83438.88319,10497.03686,0.00000,0.00000,0.0000,0,725.84095,621.01222,254.94507,3.34353,54.21548,57.80407,47.69282,0.87969,n/a,
55,11143.64474,2654.74277,0.00000,0.00000,0.0000,0,1104.11362,462.71915,256.17167,3.48658,27.71253,29.06941,25.18582,0.90882,n/a,
56,575752.76124,37104.21405,0.00000,0.00000,0.0000,0,946.81763,354.76903,300.32120,3.54683,103.21571,108.67676,93.10308,0.90202,n/a,
57,6631.05033,1880.64403,0.00000,0.00000,0.0000,0,1093.07053,646.94813,264.65337,3.49788,23.30923,24.46687,21.15568,0.90761,n/a,
58,6.35346,21.37273,0.00000,0.00000,0.0000,0,893.19822,345.36080,257.46329,3.01399,2.29793,2.60828,1.78362,0.77618,n/a,
59,57547.93915,7971.94256,0.00000,0.00000,0.0000,0,537.93590,372.74501,281.48566,3.50077,47.90090,50.37408,43.31286,0.90422,n/a,
60,133.55765,145.90709,0.00000,0.00000,0.0000,0,637.01624,747.55120,263.40777,3.30222,6.34196,6.81496,5.49217,0.86600,n/a,
61,124.62141,231.76676,0.00000,0.00000,0.0000,0,305.84458,1129.11709,271.77732,2.57706,6.19724,8.58916,3.22621,0.52059,n/a,
62,158.86350,163.06477,0.00000,0.00000,0.0000,0,286.01944,1011.09969,271.67599,3.32527,6.71958,7.20452,5.84541,0.86991,n/a,
63,1746.34655,776.69117,0.00000,0.00000,0.0000,0,543.28586,803.76820,278.87775,3.47481,14.94092,15.72350,13.49066,0.90293,n/a,
64,260800.70978,27484.59249,0.00000,0.00000,0.0000,0,105.06819,526.97670,320.44973,1.64878,79.26900,93.53404,56.93387,0.71824,n/a,
65,2512.67641,1757.24903,0.00000,0.00000,0.0000,0,69.10774,611.21308,294.95520,1.68078,16.86732,23.65058,8.57935,0.50864,n/a,
66,1833.54914,805.94209,0.00000,0.00000,0.0000,0,773.54506,776.97228,288.77493,3.45302,15.18558,16.01685,13.65023,0.89889,n/a,
67,5763.03811,1727.03419,0.00000,0.00000,0.0000,0,366.75790,927.30184,296.62208,3.46134,22.24424,23.44637,20.02174,0.90009,n/a,
68,2568.22869,1010.74161,0.00000,0.00000,0.0000,0,526.05796,331.12564,298.26851,3.46073,16.99072,17.93681,15.24561,0.89729,n/a,
69,196057.19019,18235.40778,0.00000,0.00000,0.0000,0,1087.74863,910.57481,328.39027,3.45411,72.07667,76.18734,64.50874,0.89500,n/a,
70,0.14399,1.64168,0.00000,0.00000,0.0000,0,327.59072,1153.76731,296.69159,2.64967,0.65029,0.72288,0.52625,0.80924,n/a,
71,1198.41913,605.41084,0.00000,0.00000,0.0000,0,589.25050,983.94563,308.59553,3.46770,13.17862,13.88194,11.87708,0.90124,n/a,
72,3705.05705,1279.03278,0.00000,0.00000,0.0000,0,985.42731,937.60880,317.78063,3.46176,19.19842,20.17743,17.38059,0.90531,n/a,
73,2629.63947,1019.49858,0.00000,0.00000,0.0000,0,593.83791,850.01644,318.71574,3.47600,17.12508,18.01434,15.47608,0.90371,n/a,
74,2149.86325,894.57192,0.00000,0.00000,0.0000,0,1037.56078,835.80806,323.40665,3.46561,16.01293,16.87457,14.41939,0.90048,n/a,
75,325.00737,261.76760,0.00000,0.00000,0.0000,0,886.00319,851.05378,319.58450,3.33953,8.53031,9.12816,7.44952,0.87330,n/a,
76,65487.78422,8680.11222,0.00000,0.00000,0.0000,0,651.31875,188.09983,343.86657,3.50373,50.00966,52.56392,45.26747,0.90517,n/a,
77,130.55190,142.64562,0.00000,0.00000,0.0000,0,209.17456,765.29051,324.81128,3.32457,6.29402,6.73836,5.49131,0.87246,n/a,
78,0.46796,4.69621,0.00000,0.00000,0.0000,0,250.79289,1092.56904,328.19070,2.34931,0.96325,1.22264,0.59788,0.62069,n/a,
79,288502.06593,23587.69286,0.00000,0.00000,0.0000,0,709.04852,842.95077,376.92313,3.46866,81.98167,86.64985,73.38625,0.89515,n/a,
80,2039.36164,870.19406,0.00000,0.00000,0.0000,0,706.86942,726.92898,345.47162,3.44892,15.73374,16.64306,14.06143,0.89371,n/a,
81,3486.17766,1236.27406,0.00000,0.00000,0.0000,0,1024.31265,958.06004,352.52729,3.45292,18.81266,19.83729,16.91944,0.89936,n/a,
82,883.55389,496.82490,0.00000,0.00000,0.0000,0,783.17980,704.75644,350.51194,3.43636,11.90542,12.57554,10.67041,0.89626,n/a,
83,251.93358,218.80168,0.00000,0.00000,0.0000,0,952.24370,721.65294,351.35259,3.38272,7.83603,8.34546,6.90855,0.88164,n/a,
84,767.64375,453.15479,0.00000,0.00000,0.0000,0,461.95384,522.50008,354.98295,3.42552,11.36023,12.01015,10.16399,0.89470,n/a,
85,887.27058,496.76294,0.00000,0.00000,0.0000,0,790.92523,304.21129,357.59365,3.44700,11.92209,12.57476,10.71663,0.89889,n/a,
86,107104.58999,19653.20526,0.00000,0.00000,0.0000,0,1061.83024,1079.26541,415.53849,2.23226,58.92096,79.09368,32.69836,0.55495,n/a,
87,396.15532,292.16236,0.00000,0.00000,0.0000,0,871.83043,614.05049,362.45719,3.42596,9.11218,9.64356,8.13565,0.89283,n/a,
88,3654.84132,1272.27328,0.00000,0.00000,0.0000,0,1032.16152,887.57867,369.83588,3.47022,19.11129,20.12404,17.23611,0.90188,n/a,
89,3215.01271,1165.46974,0.00000,0.00000,0.0000,0,184.42495,327.30931,372.02180,3.48767,18.31167,19.26086,16.55133,0.90387,n/a,
90,2344.08474,944.52494,0.00000,0.00000,0.0000,0,321.94411,310.25042,372.59678,3.48867,16.48130,17.33931,14.89056,0.90348,n/a,
91,0.03600,0.62350,0.00000,0.00000,0.0000,0,784.17778,327.59072,368.98955,2.54034,0.40966,0.44550,0.34640,0.84558,n/a,
92,531.14385,353.60332,0.00000,0.00000,0.0000,0,763.79290,885.35173,374.72912,3.42990,10.04780,10.60921,9.01254,0.89697,n/a,
93,1014.03380,552.46691,0.00000,0.00000,0.0000,0,934.69351,1172.10450,377.07755,3.40457,12.46478,13.26106,11.01279,0.88351,n/a,
94,11928.54002,2963.85274,0.00000,0.00000,0.0000,0,487.60470,645.81675,389.96680,3.10323,28.34847,30.71520,24.14804,0.85183,n/a,
95,236.72488,210.35316,0.00000,0.00000,0.0000,0,436.96978,356.15748,381.46973,3.39120,7.67506,8.18276,6.75221,0.87976,n/a,
96,0.46796,4.69621,0.00000,0.00000,0.0000,0,1040.37052,1111.16852,381.58919,2.34931,0.96325,1.22264,0.59788,0.62069,n/a,
97,1696.69777,765.36819,0.00000,0.00000,0.0000,0,962.14125,1056.48671,389.69558,3.44306,14.79796,15.60847,13.30103,0.89884,n/a,
98,2771.19743,1063.04682,0.00000,0.00000,0.0000,0,574.40267,745.93058,392.53108,3.44452,17.42701,18.39506,15.64107,0.89752,n/a,
99,2693.45304,1033.20519,0.00000,0.00000,0.0000,0,1099.59380,549.82133,394.17914,3.48335,17.26250,18.13503,15.64134,0.90609,n/a,
100,200.96192,192.44423,0.00000,0.00000,0.0000,0,644.97855,1067.10409,390.07094,3.30506,7.26728,7.82668,6.26556,0.86216,n/a,
101,408.40328,298.67515,0.00000,0.00000,0.0000,0,637.56736,497.08356,392.24070,3.42231,9.20514,9.75045,8.20430,0.89127,n/a,
102,1112.33245,578.23998,0.00000,0.00000,0.0000,0,186.07302,522.33826,396.40203,3.45136,12.85519,13.56685,11.54191,0.89784,n/a,
103,0.61195,4.58536,0.00000,0.00000,0.0000,0,627.70221,225.35361,391.66890,2.78660,1.05335,1.20812,0.80074,0.76019,n/a,
104,2113.27236,882.32230,0.00000,0.00000,0.0000,0,713.91294,341.57076,402.79378,3.47577,15.92156,16.75864,14.37075,0.90260,n/a,
105,407.92632,300.92583,0.00000,0.00000,0.0000,0,781.78352,617.60738,400.82896,3.37825,9.20155,9.78712,8.13343,0.88392,n/a,
106,383.13343,287.54242,0.00000,0.00000,0.0000,0,338.38941,931.97438,402.53094,3.40594,9.01122,9.56701,7.99465,0.88719,n/a,
107,2017.37651,850.12460,0.00000,0.00000,0.0000,0,722.82023,185.81239,407.83210,3.48587,15.67699,16.45002,14.23822,0.90822,n/a,
108,528076.09199,35236.18290,0.00000,0.00000,0.0000,0,676.04233,898.42320,453.90195,3.45796,100.28423,105.90574,89.92054,0.89666,n/a,
109,570.77648,370.98170,0.00000,0.00000,0.0000,0,487.34673,244.70039,409.53428,3.43253,10.29175,10.86679,9.23134,0.89697,n/a,
110,0.89992,8.76891,0.00000,0.00000,0.0000,0,1027.17090,1122.56819,414.58825,2.24913,1.19785,1.67070,0.61576,0.51405,n/a,
111,275.82655,234.99143,0.00000,0.00000,0.0000,0,514.50285,177.54059,422.50840,3.34481,8.07630,8.64870,7.04264,0.87201,n/a,
112,673.36776,418.75908,0.00000,0.00000,0.0000,0,1121.59525,860.74628,426.44619,3.39394,10.87472,11.54535,9.64805,0.88720,n/a,
113,290.67529,238.88769,0.00000,0.00000,0.0000,0,681.75627,775.51111,428.46992,3.40884,8.21870,8.72011,7.30072,0.88831,n/a,
114,650.07774,411.78281,0.00000,0.00000,0.0000,0,983.85902,1091.43662,429.29625,3.37222,10.74787,11.44878,9.47214,0.88130,n/a,
115,0.03600,0.62350,0.00000,0.00000,0.0000,0,1033.17073,1118.36831,436.78762,2.54034,0.40966,0.44550,0.34640,0.84558,n/a,
116,170.66149,172.59644,0.00000,0.00000,0.0000,0,1206.95808,494.59296,443.59440,3.31640,6.88196,7.41209,5.93274,0.86207,n/a,
117,368052.67575,27710.91254,0.00000,0.00000,0.0000,0,911.78537,687.76831,488.22170,3.32888,88.91406,93.91836,79.69121,0.89627,n/a,
118,460.86882,328.54557,0.00000,0.00000,0.0000,0,945.44239,1007.14329,450.21486,3.35870,9.58355,10.22640,8.41653,0.87823,n/a,
119,219.40135,209.55642,0.00000,0.00000,0.0000,0,1142.77888,342.34855,456.19387,3.17277,7.48308,8.16724,6.28188,0.83948,n/a,
120,8099.33672,3027.26389,0.00000,0.00000,0.0000,0,1038.10064,227.69377,477.82313,2.39280,24.91630,31.04204,16.05279,0.64427,n/a,
121,39335.31431,6206.00367,0.00000,0.00000,0.0000,0,808.46397,390.50772,483.20649,3.49802,42.19503,44.44584,38.02961,0.90128,n/a,
122,1960.44735,837.06694,0.00000,0.00000,0.0000,0,161.32168,687.82364,474.52362,3.47336,15.52812,16.32319,14.05226,0.90496,n/a,
123,1850.90866,810.39947,0.00000,0.00000,0.0000,0,839.29331,127.21866,480.01941,3.46542,15.23335,16.06108,13.70368,0.89958,n/a,
124,17508.05673,3591.92810,0.00000,0.00000,0.0000,0,138.39971,613.72924,487.19043,3.50129,32.21661,33.81340,29.24567,0.90778,n/a,
125,2271.16394,926.73981,0.00000,0.00000,0.0000,0,870.70133,266.94873,491.02420,3.44519,16.30860,17.17529,14.70422,0.90162,n/a,
126,18054.97624,3675.80596,0.00000,0.00000,0.0000,0,207.45276,436.23894,501.40401,3.48431,32.54863,34.20593,29.47105,0.90545,n/a,
127,1801.64685,798.91068,0.00000,0.00000,0.0000,0,492.08579,492.24346,492.50538,3.43110,15.09699,15.94682,13.53078,0.89626,n/a,
128,176126.26042,16884.78349,0.00000,0.00000,0.0000,0,699.59406,1059.02997,519.26885,3.44035,69.54648,73.31162,62.58639,0.89992,n/a,
129,35095.22574,5707.85942,0.00000,0.00000,0.0000,0,1055.39616,342.46749,513.80595,3.50994,40.62092,42.62474,36.89148,0.90819,n/a,
130,190484.12593,17753.15904,0.00000,0.00000,0.0000,0,441.37622,612.78471,529.38637,3.49226,71.38715,75.17317,64.37754,0.90181,n/a,
131,2710.48860,1039.10872,0.00000,0.00000,0.0000,0,108.94211,535.37310,503.84291,3.45884,17.29881,18.18677,15.65085,0.90474,n/a,
132,2090.36931,876.11650,0.00000,0.00000,0.0000,0,909.75182,209.81040,507.53394,3.46056,15.86383,16.69960,14.31569,0.90241,n/a,
133,2082.00002,884.47645,0.00000,0.00000,0.0000,0,897.56718,193.27645,507.58978,3.40560,15.84263,16.77908,14.12361,0.89149,n/a,
134,148.79335,155.86469,0.00000,0.00000,0.0000,0,742.30222,435.20850,509.56873,3.34187,6.57448,7.04367,5.72779,0.87122,n/a,
135,136.90536,146.66445,0.00000,0.00000,0.0000,0,230.44184,448.31846,509.09627,3.34167,6.39451,6.83262,5.60076,0.87587,n/a,
136,1.43988,8.82305,0.00000,0.00000,0.0000,0,1239.56488,612.28265,507.34562,2.68316,1.40101,1.67585,0.97917,0.69890,n/a,
137,0.35997,3.67803,0.00000,0.00000,0.0000,0,1239.56488,611.68267,514.78541,2.40431,0.88258,1.08201,0.58722,0.66534,n/a,
138,273.72073,232.65240,0.00000,0.00000,0.0000,0,643.32171,862.90472,519.77576,3.36487,8.05570,8.60555,7.05913,0.87629,n/a,
139,5339.90308,1632.91148,0.00000,0.00000,0.0000,0,311.89828,689.65874,529.35714,3.47211,21.68594,22.79851,19.62104,0.90478,n/a,
140,252.77951,217.88391,0.00000,0.00000,0.0000,0,334.82903,439.96084,530.77668,3.40580,7.84479,8.32794,6.96094,0.88733,n/a,
141,2796.69227,1088.66905,0.00000,0.00000,0.0000,0,822.00532,340.54762,539.61376,3.35389,17.48029,18.61543,15.41346,0.88176,n/a,
142,379.74072,286.96539,0.00000,0.00000,0.0000,0,392.39091,1053.17715,543.32621,3.39190,8.98455,9.55740,7.93979,0.88372,n/a,
143,480.47816,335.90946,0.00000,0.00000,0.0000,0,1178.69122,501.96794,549.47230,3.38622,9.71758,10.34037,8.58228,0.88317,n/a,
144,56114.05504,7891.58034,0.00000,0.00000,0.0000,0,788.37425,794.59564,568.49478,3.47308,47.49972,50.11954,42.66374,0.89819,n/a,
145,202.21281,189.05290,0.00000,0.00000,0.0000,0,818.85857,397.18116,553.22985,3.39044,7.28232,7.75741,6.41766,0.88127,n/a,
146,434.78004,318.38173,0.00000,0.00000,0.0000,0,926.71453,360.18753,554.93787,3.32075,9.39919,10.06698,8.19356,0.87173,n/a,
147,197.14624,188.01725,0.00000,0.00000,0.0000,0,1155.97740,739.04947,558.52716,3.35417,7.22099,7.73613,6.29132,0.87126,n/a,
148,12847.67689,2923.96100,0.00000,0.00000,0.0000,0,494.75042,1198.85145,572.25083,3.50707,29.05864,30.50780,26.36357,0.90725,n/a,
149,3896.39879,1329.63652,0.00000,0.00000,0.0000,0,884.53807,269.34656,572.49253,3.45584,19.52338,20.57271,17.58254,0.90059,n/a,
150,562.49719,373.17308,0.00000,0.00000,0.0000,0,693.88949,1205.28347,569.22071,3.36509,10.24174,10.89884,9.04402,0.88305,n/a,
151,8252.81147,2179.17340,0.00000,0.00000,0.0000,0,510.68296,283.50762,578.46955,3.48344,25.07270,26.33728,22.72278,0.90628,n/a,
152,3791.67469,1313.29925,0.00000,0.00000,0.0000,0,1139.48737,827.39201,576.41458,3.44920,19.34687,20.44593,17.32282,0.89538,n/a,
153,1532.59672,707.19258,0.00000,0.00000,0.0000,0,1058.01749,391.94376,574.95349,3.50272,14.30462,15.00355,13.00294,0.90900,n/a,
154,3469.90704,1239.31102,0.00000,0.00000,0.0000,0,342.83973,447.19913,581.93704,3.43293,18.78335,19.86165,16.79921,0.89437,n/a,
155,433.57414,321.78713,0.00000,0.00000,0.0000,0,1153.25740,867.37335,577.39283,3.32873,9.39049,10.12067,8.08437,0.86091,n/a,
156,277.50041,254.72479,0.00000,0.00000,0.0000,0,1144.33742,845.50574,578.54930,3.14854,8.09260,9.00452,6.53648,0.80771,n/a,
157,1765.77590,792.85856,0.00000,0.00000,0.0000,0,1147.90246,892.29536,580.33303,3.41271,14.99612,15.88631,13.36260,0.89107,n/a,
158,212.56193,199.83428,0.00000,0.00000,0.0000,0,955.27283,945.81212,577.02176,3.29539,7.40450,7.97554,6.38215,0.86193,n/a,
159,2.12382,10.06329,0.00000,0.00000,0.0000,0,597.35231,281.43818,575.98368,2.94514,1.59480,1.78976,1.26628,0.79400,n/a,
160,1122.12361,588.33465,0.00000,0.00000,0.0000,0,1203.08456,741.48897,584.13030,3.40123,12.89280,13.68476,11.44373,0.88761,n/a,
161,164.52401,171.44491,0.00000,0.00000,0.0000,0,1155.94322,835.37556,582.27342,3.23997,6.79845,7.38733,5.75779,0.84693,n/a,
162,655.43229,499.36252,0.00000,0.00000,0.0000,0,1158.64403,824.49115,590.43680,3.14519,10.77729,12.60762,7.87523,0.73072,n/a,
163,0.14399,1.64168,0.00000,0.00000,0.0000,0,582.28350,273.59225,579.58358,2.64967,0.65029,0.72288,0.52625,0.80924,n/a,
164,1230.83437,635.84016,0.00000,0.00000,0.0000,0,1228.50707,750.95982,588.02077,3.35209,13.29639,14.22653,11.61456,0.87351,n/a,
165,217.41252,208.40389,0.00000,0.00000,0.0000,0,1134.08364,877.94790,587.80528,3.25105,7.46040,8.14475,6.25936,0.83901,n/a,
166,489.61238,335.60779,0.00000,0.00000,0.0000,0,799.57612,573.51072,591.64366,3.43918,9.77878,10.33573,8.75330,0.89513,n/a,
167,2844.95517,1391.97567,0.00000,0.00000,0.0000,0,1223.62810,770.31130,601.84492,3.01250,17.58027,21.04946,12.26295,0.69754,n/a,
168,4407.89731,1490.04042,0.00000,0.00000,0.0000,0,1157.84091,849.08312,598.25915,3.34274,20.34281,21.77831,17.74944,0.87252,n/a,
169,989.45689,557.57186,0.00000,0.00000,0.0000,0,1196.51444,824.90845,596.28508,3.30822,12.36325,13.32219,10.64749,0.86122,n/a,
170,1350.96516,673.55786,0.00000,0.00000,0.0000,0,1187.82482,798.60785,598.42031,3.38040,13.71561,14.64241,12.03429,0.87742,n/a,
171,345.40864,269.61064,0.00000,0.00000,0.0000,0,1028.29990,505.50481,596.74644,3.40402,8.70519,9.26389,7.68683,0.88302,n/a,
172,494.64295,341.80791,0.00000,0.00000,0.0000,0,1147.87541,819.36664,596.55709,3.37022,9.81216,10.43076,8.68282,0.88490,n/a,
173,183.99836,183.29026,0.00000,0.00000,0.0000,0,1215.87908,744.60526,597.45197,3.31272,7.05676,7.63827,6.02318,0.85353,n/a,
174,578.23685,383.36935,0.00000,0.00000,0.0000,0,1171.38143,760.97725,602.47710,3.33091,10.33639,11.04673,9.04981,0.87553,n/a,
175,692.25715,436.91688,0.00000,0.00000,0.0000,0,1182.89866,777.51139,602.65484,3.37091,10.97547,11.79300,9.50648,0.86616,n/a,
176,374095.92304,27990.85516,0.00000,0.00000,0.0000,0,807.53572,1122.01019,664.17190,3.45068,89.39806,94.39156,80.18960,0.89699,n/a,
177,140.74804,148.26307,0.00000,0.00000,0.0000,0,626.44017,552.62869,639.75382,3.37811,6.45379,6.86976,5.69588,0.88256,n/a,
178,36640.82635,5890.92954,0.00000,0.00000,0.0000,0,217.56353,448.48459,660.19361,3.48018,41.20870,43.30290,37.31923,0.90562,n/a,
179,6304.07212,1824.81886,0.00000,0.00000,0.0000,0,435.72973,506.93659,653.89930,3.47564,22.91963,24.10099,20.72777,0.90437,n/a,
180,20353.20988,3996.80481,0.00000,0.00000,0.0000,0,881.00489,1113.71159,660.24592,3.47353,33.87491,35.66823,30.55422,0.90197,n/a,
181,17824.44284,3637.26994,0.00000,0.00000,0.0000,0,415.88203,1181.85608,660.19612,3.50080,32.40951,34.02615,29.40300,0.90723,n/a,
182,7717.24900,2118.60775,0.00000,0.00000,0.0000,0,608.51308,667.52397,660.47842,3.43516,24.51817,25.96871,21.85562,0.89141,n/a,
183,474.34968,331.60281,0.00000,0.00000,0.0000,0,228.55123,353.71343,655.20665,3.39629,9.67609,10.27387,8.58285,0.88702,n/a,
184,150269.44237,15164.96653,0.00000,0.00000,0.0000,0,930.52074,475.90366,682.82934,3.51789,65.96152,69.47776,59.45392,0.90134,n/a,
185,190153.19706,17683.25180,0.00000,0.00000,0.0000,0,584.32054,1142.31096,687.21301,3.50707,71.34579,75.02502,64.51976,0.90432,n/a,
186,63917.13874,8565.05480,0.00000,0.00000,0.0000,0,1096.82072,1012.56467,685.59587,3.49922,49.60661,52.21438,44.77529,0.90261,n/a,
187,1365.22895,662.22920,0.00000,0.00000,0.0000,0,141.85849,636.46840,671.96488,3.44710,13.76371,14.51875,12.36939,0.89870,n/a,
188,1967.18778,830.47292,0.00000,0.00000,0.0000,0,1198.53396,537.92404,673.22402,3.49977,15.54590,16.25877,14.21254,0.91423,n/a,
189,2713.78232,1035.88770,0.00000,0.00000,0.0000,0,453.98939,1216.01268,684.07580,3.48733,17.30582,18.15856,15.71859,0.90828,n/a,
190,1870.75198,814.06053,0.00000,0.00000,0.0000,0,623.74745,794.21120,683.93912,3.45601,15.28760,16.09731,13.78830,0.90193,n/a,
191,519.94880,360.36810,0.00000,0.00000,0.0000,0,975.55232,1054.58703,682.39394,3.33305,9.97671,10.71022,8.65696,0.86772,n/a,
192,1776.88096,787.30529,0.00000,0.00000,0.0000,0,1151.34535,846.64217,686.98904,3.45862,15.02749,15.83057,13.54149,0.90111,n/a,
193,181.48757,177.76191,0.00000,0.00000,0.0000,0,796.52561,132.40141,683.93138,3.35911,7.02451,7.52219,6.12575,0.87205,n/a,
194,97169.30314,11553.32228,0.00000,0.00000,0.0000,0,622.89828,627.98505,708.76609,3.44396,57.03965,60.64270,50.46304,0.88470,n/a,
195,6731.97675,1946.78230,0.00000,0.00000,0.0000,0,1159.68081,395.08026,694.24281,3.38399,23.42689,24.89337,20.74801,0.88565,n/a,
196,4084.06883,1367.66978,0.00000,0.00000,0.0000,0,1168.24960,724.89047,701.14427,3.47575,19.83192,20.86487,17.91691,0.90344,n/a,
197,50272.80457,7305.21366,0.00000,0.00000,0.0000,0,899.13727,1115.40445,717.44351,3.47790,45.79079,48.22159,41.29062,0.90172,n/a,
198,1978.95878,844.99610,0.00000,0.00000,0.0000,0,318.41379,228.15330,715.11288,3.45520,15.57684,16.40032,14.05184,0.90210,n/a,
199,109323.70596,12296.05897,0.00000,0.00000,0.0000,0,469.22125,578.85691,742.42360,3.45700,59.32511,62.56163,53.34573,0.89921,n/a,
200,3393.14357,1202.99728,0.00000,0.00000,0.0000,0,120.76089,893.65798,721.86447,3.47839,18.64380,19.56849,16.92345,0.90773,n/a,
201,433194.13341,30846.09179,0.00000,0.00000,0.0000,0,561.75659,772.33329,766.57784,3.50232,93.87746,99.08893,84.26237,0.89758,n/a,
202,3623.10102,1263.59917,0.00000,0.00000,0.0000,0,427.56707,340.77114,735.49267,3.48294,19.05580,20.05533,17.20372,0.90281,n/a,
203,318.51892,255.20163,0.00000,0.00000,0.0000,0,876.24153,829.35622,733.72119,3.40090,8.47316,9.01295,7.48864,0.88381,n/a,
204,201141.19103,22669.77299,0.00000,0.00000,0.0000,0,500.32155,405.53239,775.92238,3.32300,72.69437,84.94712,53.23596,0.73233,n/a,
205,166.22487,167.01543,0.00000,0.00000,0.0000,0,975.76417,486.16807,735.64437,3.36470,6.82180,7.29127,5.97160,0.87537,n/a,
206,2161.92223,895.32451,0.00000,0.00000,0.0000,0,312.60083,653.95415,741.48790,3.46758,16.04281,16.88167,14.48808,0.90309,n/a,
207,153170.71475,15360.16967,0.00000,0.00000,0.0000,0,862.28466,341.14085,770.26470,3.46547,66.38333,69.92349,59.83165,0.90131,n/a,
208,125886.31296,20082.02068,0.00000,0.00000,0.0000,0,396.93412,1189.60737,784.98237,2.38504,62.18132,79.95190,37.61165,0.60487,n/a,
209,2786.40614,1061.28365,0.00000,0.00000,0.0000,0,1025.41679,1101.51636,750.36416,3.45854,17.45884,18.37980,15.75303,0.90230,n/a,
210,691.16825,421.66740,0.00000,0.00000,0.0000,0,406.59780,863.63313,759.57214,3.42661,10.96971,11.58537,9.83479,0.89654,n/a,
211,2154.82183,941.82111,0.00000,0.00000,0.0000,0,628.52908,771.04225,765.46930,3.25312,16.02523,17.31447,13.72759,0.85662,n/a,
212,6389.49286,1840.77057,0.00000,0.00000,0.0000,0,754.98015,1073.15571,771.22126,3.48053,23.02268,24.20610,20.82658,0.90461,n/a,
213,210.42011,193.70653,0.00000,0.00000,0.0000,0,1167.56327,711.12088,765.75399,3.38837,7.37954,7.85231,6.51770,0.88321,n/a,
214,722.34160,439.17053,0.00000,0.00000,0.0000,0,1103.52801,746.31447,769.42202,3.40493,11.13221,11.82338,9.86872,0.88650,n/a,
215,33631.79714,5671.59672,0.00000,0.00000,0.0000,0,1215.11465,576.32356,798.57672,3.39694,40.04828,42.48912,35.57918,0.88841,n/a,
216,2690.60029,1024.56769,0.00000,0.00000,0.0000,0,1118.16667,462.26028,791.19976,3.52439,17.25640,18.05907,15.75650,0.91308,n/a,
217,1874.13569,812.38073,0.00000,0.00000,0.0000,0,167.93148,908.50420,791.87637,3.47604,15.29681,16.08070,13.84180,0.90488,n/a,
218,0.25198,2.65986,0.00000,0.00000,0.0000,0,445.18739,1223.36534,788.97765,2.49284,0.78365,0.92014,0.56840,0.72533,n/a,
219,1245.26015,619.27979,0.00000,0.00000,0.0000,0,734.08511,990.55048,795.85122,3.44828,13.34813,14.04005,12.06492,0.90387,n/a,
220,2747.73643,1053.53381,0.00000,0.00000,0.0000,0,470.43353,644.06547,800.77621,3.45989,17.37769,18.31257,15.64868,0.90050,n/a,
221,23747.72043,4995.13750,0.00000,0.00000,0.0000,0,882.56555,1206.44387,823.62357,3.03386,35.66217,39.87482,28.52501,0.79987,n/a,
222,77160.39499,10796.02395,0.00000,0.00000,0.0000,0,909.11730,169.67990,834.44860,3.05967,52.82003,58.62151,42.88267,0.81186,n/a,
223,11183.06139,2668.34361,0.00000,0.00000,0.0000,0,901.33710,341.50590,819.20492,3.48846,27.74517,29.14378,25.14607,0.90632,n/a,
224,1927.53715,829.42647,0.00000,0.00000,0.0000,0,967.73752,811.84329,815.98935,3.46122,15.44074,16.24853,13.94364,0.90304,n/a,
225,172.97430,171.03575,0.00000,0.00000,0.0000,0,1094.27822,327.37154,816.45731,3.36880,6.91291,7.37851,6.06801,0.87778,n/a,
226,327487.51698,25723.20815,0.00000,0.00000,0.0000,0,919.67732,394.07387,862.17116,3.43674,85.51954,90.48730,76.38725,0.89321,n/a,
227,0.35997,3.67803,0.00000,0.00000,0.0000,0,865.17549,1223.96532,825.87660,2.40431,0.88258,1.08201,0.58722,0.66534,n/a,
228,3437.26682,1216.60375,0.00000,0.00000,0.0000,0,496.42560,954.90698,838.22136,3.47719,18.72427,19.67885,16.95178,0.90534,n/a,
229,133.53965,142.64143,0.00000,0.00000,0.0000,0,1079.91893,334.12387,836.69248,3.39477,6.34167,6.73826,5.61715,0.88575,n/a,
230,193.48355,183.11679,0.00000,0.00000,0.0000,0,1072.04289,334.09284,837.20994,3.38752,7.17599,7.63465,6.33968,0.88346,n/a,
231,36654.67618,5894.74096,0.00000,0.00000,0.0000,0,103.02141,683.12453,853.94336,3.50303,41.21389,43.31691,37.30920,0.90526,n/a,
232,0.30597,2.62516,0.00000,0.00000,0.0000,0,857.17571,1226.96524,833.77638,2.92150,0.83604,0.91412,0.69933,0.83647,n/a,
233,0.30597,2.62516,0.00000,0.00000,0.0000,0,855.97575,1227.56522,833.77638,2.92150,0.83604,0.91412,0.69933,0.83647,n/a,
234,372.88330,280.42550,0.00000,0.00000,0.0000,0,992.56327,525.55413,842.27872,3.45167,8.93014,9.44787,7.97823,0.89341,n/a,
235,3200.25396,1158.54870,0.00000,0.00000,0.0000,0,523.67469,1057.70663,848.30848,3.46790,18.28361,19.20358,16.57377,0.90648,n/a,
236,2.08782,14.07337,0.00000,0.00000,0.0000,0,854.61579,1227.72521,842.37613,2.54711,1.58574,2.11653,0.89012,0.56133,n/a,
237,806.37645,469.07136,0.00000,0.00000,0.0000,0,1056.30459,275.64440,850.87515,3.43253,11.54817,12.21925,10.31455,0.89318,n/a,
238,1710.07963,769.44160,0.00000,0.00000,0.0000,0,946.99351,294.74257,863.29977,3.43974,14.83677,15.64995,13.33497,0.89878,n/a,
239,0.03600,0.62350,0.00000,0.00000,0.0000,0,841.77615,538.78473,857.97569,2.54034,0.40966,0.44550,0.34640,0.84558,n/a,
240,114.58726,135.60180,0.00000,0.00000,0.0000,0,1027.03806,289.70987,868.84070,3.24784,6.02623,6.56989,5.07017,0.84135,n/a,
241,72372.20801,9283.57065,0.00000,0.00000,0.0000,0,780.68646,1072.09210,892.83939,3.49271,51.70403,54.36039,46.77438,0.90466,n/a,
242,228.42758,203.62525,0.00000,0.00000,0.0000,0,444.76443,531.40119,873.37133,3.41032,7.58432,8.05083,6.73082,0.88747,n/a,
243,437.11084,312.05590,0.00000,0.00000,0.0000,0,145.32441,888.83952,874.04523,3.41472,9.41595,9.96647,8.40447,0.89258,n/a,
244,206.28047,239.90272,0.00000,0.00000,0.0000,0,614.01631,141.36660,882.79698,3.00294,7.33083,8.73862,5.15910,0.70375,n/a,
245,85476.36310,10594.85276,0.00000,0.00000,0.0000,0,704.65153,580.65022,904.43160,3.46280,54.65323,58.07277,48.40635,0.88570,n/a,
246,581.44057,384.71773,0.00000,0.00000,0.0000,0,626.78991,134.12088,886.12377,3.37810,10.35545,11.06614,9.06806,0.87568,n/a,
247,213.26387,202.22225,0.00000,0.00000,0.0000,0,603.61946,157.80092,887.60862,3.27165,7.41264,8.02305,6.32761,0.85362,n/a,
248,351.06916,272.77297,0.00000,0.00000,0.0000,0,590.84066,157.21931,889.38248,3.40004,8.75248,9.31806,7.72223,0.88229,n/a,
249,46379.91548,6908.53395,0.00000,0.00000,0.0000,0,426.71279,982.33110,906.36733,3.50341,44.57696,46.89408,40.28054,0.90362,n/a,
250,5132.21874,1583.50726,0.00000,0.00000,0.0000,0,315.16644,953.44907,896.14196,3.48929,21.40107,22.45097,19.44627,0.90866,n/a,
251,443.67129,316.12935,0.00000,0.00000,0.0000,0,234.62435,864.81683,891.83866,3.41062,9.46283,10.03131,8.42069,0.88987,n/a,
252,112.92240,134.42519,0.00000,0.00000,0.0000,0,1219.36545,749.46191,892.91066,3.23194,5.99690,6.54132,5.04023,0.84047,n/a,
253,546.92851,476.33030,0.00000,0.00000,0.0000,0,643.45774,149.90079,898.24090,3.02059,10.14637,12.31343,6.88928,0.67899,n/a,
254,112793.84698,12552.49975,0.00000,0.00000,0.0000,0,950.54326,335.95682,919.07849,3.42343,59.94628,63.21064,53.91461,0.89938,n/a,
255,293.06009,249.56378,0.00000,0.00000,0.0000,0,638.88306,139.12478,895.32288,3.28026,8.24112,8.91283,7.04574,0.85495,n/a,
256,248.70286,222.59391,0.00000,0.00000,0.0000,0,610.91660,147.65659,897.85164,3.28763,7.80239,8.41747,6.70376,0.85919,n/a,
257,262.50769,238.30896,0.00000,0.00000,0.0000,0,632.88256,158.02186,902.50028,3.18750,7.94416,8.70954,6.60926,0.83197,n/a,
258,1.76385,10.99534,0.00000,0.00000,0.0000,0,893.77468,585.28342,897.02458,2.69341,1.49907,1.87081,0.96251,0.64207,n/a,
259,16605.72143,3579.58093,0.00000,0.00000,0.0000,0,936.07790,190.93190,916.09343,3.40608,31.65335,33.75524,27.83408,0.87934,n/a,
260,659411.85482,40677.19429,0.00000,0.00000,0.0000,0,647.78901,343.83397,955.06387,3.56418,107.99062,113.78907,97.26509,0.90068,n/a,
261,112.69742,131.14231,0.00000,0.00000,0.0000,0,622.70243,132.86078,908.60728,3.29956,5.99292,6.46095,5.15611,0.86037,n/a,
262,108386.05766,12212.70878,0.00000,0.00000,0.0000,0,571.50489,1031.96455,936.37206,3.44160,59.15502,62.34923,53.24915,0.90016,n/a,
263,285.21276,298.76291,0.00000,0.00000,0.0000,0,634.18963,142.30774,917.93107,3.09635,8.16689,9.75188,5.72787,0.70135,n/a,
264,457.17914,389.83090,0.00000,0.00000,0.0000,0,630.66688,152.86012,922.12953,3.06694,9.55790,11.13944,7.03658,0.73621,n/a,
265,202.15882,210.89349,0.00000,0.00000,0.0000,0,910.57778,160.52135,925.66514,2.98761,7.28168,8.19326,5.75150,0.78986,n/a,
266,1138.61921,588.41435,0.00000,0.00000,0.0000,0,538.98798,727.95464,931.82583,3.46490,12.95567,13.68569,11.61038,0.89616,n/a,
267,0.79193,5.34678,0.00000,0.00000,0.0000,0,700.38016,1262.96422,927.77371,2.83490,1.14788,1.30458,0.88868,0.77420,n/a,
268,3672.03886,1279.21158,0.00000,0.00000,0.0000,0,894.32836,205.70693,937.14619,3.44787,19.14122,20.17884,17.22329,0.89980,n/a,
269,667.32027,413.88855,0.00000,0.00000,0.0000,0,887.53851,502.41889,934.51453,3.42242,10.84206,11.47801,9.67391,0.89226,n/a,
270,1906.08297,842.72520,0.00000,0.00000,0.0000,0,893.45900,162.98806,938.95672,3.44008,15.38324,16.37827,13.57085,0.88218,n/a,
271,340.46806,267.50538,0.00000,0.00000,0.0000,0,721.01450,799.10311,938.35796,3.38835,8.66348,9.22765,7.63651,0.88146,n/a,
272,183.75538,183.67709,0.00000,0.00000,0.0000,0,955.03752,196.04097,938.05606,3.28529,7.05365,7.64632,6.00256,0.85099,n/a,
273,1089.60938,576.30766,0.00000,0.00000,0.0000,0,209.94385,592.94977,941.88997,3.40871,12.76706,13.54417,11.34404,0.88854,n/a,
274,425.63412,463.12446,0.00000,0.00000,0.0000,0,882.66101,147.70860,943.47041,2.14192,9.33281,12.14154,5.51429,0.59085,n/a,
275,143.32182,153.14456,0.00000,0.00000,0.0000,0,490.34255,549.63598,940.51646,3.33109,6.49289,6.98194,5.61516,0.86482,n/a,
276,0.03600,0.62350,0.00000,0.00000,0.0000,0,880.17506,144.59590,936.57346,2.54034,0.40966,0.44550,0.34640,0.84558,n/a,
277,162.98515,164.55611,0.00000,0.00000,0.0000,0,824.37821,756.01143,945.72340,3.37493,6.77719,7.23739,5.94272,0.87687,n/a,
278,101196.83878,11687.40873,0.00000,0.00000,0.0000,0,937.96418,862.23231,971.56997,3.46761,57.81707,60.99359,51.95172,0.89855,n/a,
279,486.97560,353.08047,0.00000,0.00000,0.0000,0,951.44787,215.70207,951.48114,3.23478,9.76119,10.60137,8.27532,0.84778,n/a,
280,1852.34854,815.43225,0.00000,0.00000,0.0000,0,889.73497,232.14600,954.21453,3.45288,15.23730,16.11087,13.62969,0.89450,n/a,
281,153.26597,159.79692,0.00000,0.00000,0.0000,0,312.78975,628.14730,950.33983,3.34429,6.63971,7.13197,5.75478,0.86672,n/a,
282,401.36588,297.91363,0.00000,0.00000,0.0000,0,889.69543,193.85627,951.89815,3.41465,9.15196,9.73801,8.08354,0.88326,n/a,
283,281.04611,239.97430,0.00000,0.00000,0.0000,0,973.35935,202.18470,953.17877,3.30402,8.12693,8.73992,7.02691,0.86464,n/a,
284,150.98017,169.65268,0.00000,0.00000,0.0000,0,558.91581,321.73941,957.95598,3.07646,6.60654,7.34861,5.33962,0.80823,n/a,
285,0.03600,0.62350,0.00000,0.00000,0.0000,0,918.57397,163.79536,953.97297,2.54034,0.40966,0.44550,0.34640,0.84558,n/a,
286,0.03600,0.62350,0.00000,0.00000,0.0000,0,919.77394,164.39534,953.97297,2.54034,0.40966,0.44550,0.34640,0.84558,n/a,
287,44.04766,125.95566,0.00000,0.00000,0.0000,0,918.53836,164.42274,958.89612,1.70806,4.38169,6.33190,2.09825,0.47887,n/a,
288,214.50577,199.22064,0.00000,0.00000,0.0000,0,693.52488,889.33047,961.95942,3.35384,7.42700,7.96328,6.46035,0.86985,n/a,
289,0.57595,5.71438,0.00000,0.00000,0.0000,0,914.97408,161.99541,959.07283,2.31205,1.03228,1.34868,0.60474,0.58583,n/a,
290,760.78633,451.77753,0.00000,0.00000,0.0000,0,945.93188,205.30883,964.00249,3.44893,11.32630,11.99188,10.10391,0.89207,n/a,
291,6331.07883,1917.43845,0.00000,0.00000,0.0000,0,897.54579,178.26046,975.36105,3.38888,22.95231,24.70505,19.81105,0.86314,n/a,
292,7062.52765,1960.56231,0.00000,0.00000,0.0000,0,989.20685,1058.62457,971.32848,3.48805,23.80421,24.98132,21.61378,0.90798,n/a,
293,2294.80493,945.86663,0.00000,0.00000,0.0000,0,862.35741,196.49528,967.89185,3.43244,16.36499,17.35162,14.55684,0.88951,n/a,
294,222.09212,201.97446,0.00000,0.00000,0.0000,0,706.90607,900.93896,964.02528,3.37103,7.51354,8.01813,6.59763,0.87810,n/a,
295,343.68079,270.56284,0.00000,0.00000,0.0000,0,908.38472,192.68116,966.63683,3.38361,8.69065,9.28024,7.62146,0.87697,n/a,
296,445.71411,317.56704,0.00000,0.00000,0.0000,0,970.01105,202.12594,968.27828,3.43300,9.47733,10.05409,8.42117,0.88856,n/a,
297,1648.66886,748.70483,0.00000,0.00000,0.0000,0,824.07465,468.50251,972.62148,3.45618,14.65699,15.43762,13.21217,0.90142,n/a,
298,59.75312,124.63135,0.00000,0.00000,0.0000,0,892.37127,152.55292,970.10424,2.18593,4.85051,6.29852,2.87663,0.59306,n/a,
299,1992.39464,845.98671,0.00000,0.00000,0.0000,0,237.27706,874.59617,974.65215,3.48167,15.61201,16.40993,14.13068,0.90512,n/a,
300,5560.87930,1678.67655,0.00000,0.00000,0.0000,0,769.44264,1110.84605,977.32456,3.46425,21.98104,23.11578,19.87594,0.90423,n/a,
301,0.25198,2.65986,0.00000,0.00000,0.0000,0,889.17481,150.59573,969.57253,2.49284,0.78365,0.92014,0.56840,0.72533,n/a,
302,4.13965,20.02596,0.00000,0.00000,0.0000,0,742.95395,1259.36432,970.74749,2.24912,1.99215,2.52477,1.24028,0.62259,n/a,
303,0.14399,1.64168,0.00000,0.00000,0.0000,0,738.87906,1259.96430,969.57253,2.64967,0.65029,0.72288,0.52625,0.80924,n/a,
304,0.03600,0.62350,0.00000,0.00000,0.0000,0,744.57890,1258.76433,970.17251,2.54034,0.40966,0.44550,0.34640,0.84558,n/a,
305,216.55759,210.80086,0.00000,0.00000,0.0000,0,962.49898,198.58198,983.56446,3.19006,7.45061,8.19146,6.16385,0.82730,n/a,
306,888.35949,497.32761,0.00000,0.00000,0.0000,0,900.20700,216.85597,985.27353,3.44917,11.92697,12.58190,10.71760,0.89860,n/a,
307,328.38209,263.23876,0.00000,0.00000,0.0000,0,675.46063,690.18656,985.16857,3.36645,8.55973,9.15377,7.48481,0.87442,n/a,
308,27.80674,85.38507,0.00000,0.00000,0.0000,0,975.83618,198.72628,985.89121,1.96604,3.75881,5.21334,1.95398,0.51984,n/a,
309,0.57595,5.71438,0.00000,0.00000,0.0000,0,973.17243,196.79442,984.87209,2.31205,1.03228,1.34868,0.60474,0.58583,n/a,
310,131.53282,143.29327,0.00000,0.00000,0.0000,0,546.41129,746.52691,988.74973,3.33758,6.30975,6.75364,5.50756,0.87287,n/a,
311,1196.36730,607.50898,0.00000,0.00000,0.0000,0,677.11916,798.33956,992.85636,3.45509,13.17110,13.90597,11.81580,0.89710,n/a,
312,646.18107,424.16137,0.00000,0.00000,0.0000,0,906.93625,195.75780,992.58901,3.25932,10.72635,11.61959,9.14059,0.85216,n/a,
313,116.27012,142.69508,0.00000,0.00000,0.0000,0,922.60586,200.71395,990.56430,3.08812,6.05559,6.73953,4.88889,0.80734,n/a,
314,119814.79817,13150.40157,0.00000,0.00000,0.0000,0,989.33102,513.26897,1016.49268,3.33264,61.16514,64.69855,54.66668,0.89376,n/a,
315,2813.22386,1118.30138,0.00000,0.00000,0.0000,0,925.46640,176.99880,997.31803,3.39957,17.51467,18.86707,15.09373,0.86178,n/a,
316,120.67974,139.70968,0.00000,0.00000,0.0000,0,945.86427,202.92455,991.02691,3.25098,6.13120,6.66866,5.18274,0.84531,n/a,
317,1122.80756,584.78751,0.00000,0.00000,0.0000,0,879.48855,165.27101,1000.90909,3.42350,12.89542,13.64345,11.52016,0.89335,n/a,
318,502.38230,346.60795,0.00000,0.00000,0.0000,0,902.11104,185.39603,1002.21785,3.39824,9.86307,10.50375,8.69655,0.88173,n/a,
319,972.43934,529.62165,0.00000,0.00000,0.0000,0,924.53402,213.77617,1003.17250,3.44686,12.29196,12.98398,11.01661,0.89624,n/a,
320,1224.69689,614.75402,0.00000,0.00000,0.0000,0,1134.04586,557.60869,1010.87872,3.45668,13.27425,13.98865,11.95304,0.90047,n/a,
321,3855.95623,1314.81519,0.00000,0.00000,0.0000,0,938.29596,501.10367,1019.83582,3.48250,19.45559,20.45773,17.59619,0.90443,n/a,
322,2199.43104,911.11594,0.00000,0.00000,0.0000,0,949.43908,216.47736,1019.91940,3.46431,16.13506,17.02989,14.48398,0.89767,n/a,
323,78.88279,149.07322,0.00000,0.00000,0.0000,0,957.05837,188.87908,1022.07816,2.12710,5.32102,6.88850,3.17493,0.59668,n/a,
324,813.37786,467.08915,0.00000,0.00000,0.0000,0,1033.24283,405.88882,1023.79318,3.45855,11.58149,12.19340,10.44826,0.90215,n/a,
325,0.03600,0.62350,0.00000,0.00000,0.0000,0,953.97297,185.99473,1020.57108,2.54034,0.40966,0.44550,0.34640,0.84558,n/a,
326,364618.96813,38050.97204,0.00000,0.00000,0.0000,0,462.54010,166.57869,1102.18515,2.79905,88.63669,110.05453,57.49429,0.64865,n/a,
327,1.97983,12.59754,0.00000,0.00000,0.0000,0,1056.95577,1105.16869,1026.35663,2.56550,1.55791,2.00248,0.94296,0.60527,n/a,
328,0.35997,3.67803,0.00000,0.00000,0.0000,0,1055.97008,1105.76867,1025.07096,2.40431,0.88258,1.08201,0.58722,0.66534,n/a,
329,0.46796,4.69621,0.00000,0.00000,0.0000,0,1057.77003,1104.56870,1026.57091,2.34931,0.96325,1.22264,0.59788,0.62069,n/a,
330,292.61013,247.98264,0.00000,0.00000,0.0000,0,365.30206,287.85739,1039.31727,3.31208,8.23690,8.88456,7.07977,0.85952,n/a,
331,78583.75810,12912.73367,0.00000,0.00000,0.0000,0,1224.30465,657.63407,1078.86353,2.88048,53.14284,64.11124,36.51454,0.68710,n/a,
332,0.14399,1.64168,0.00000,0.00000,0.0000,0,1184.36644,926.37375,1038.87056,2.64967,0.65029,0.72288,0.52625,0.80924,n/a,
333,0.14399,1.64168,0.00000,0.00000,0.0000,0,1183.76646,927.27373,1038.57057,2.64967,0.65029,0.72288,0.52625,0.80924,n/a,
334,1.11591,10.80526,0.00000,0.00000,0.0000,0,1181.96651,931.77360,1043.37044,2.22605,1.28689,1.85457,0.61965,0.48150,n/a,
335,1.76385,11.87758,0.00000,0.00000,0.0000,0,1181.36653,932.78895,1042.67815,2.54359,1.49907,1.94442,0.89102,0.59438,n/a,
336,1944.20373,839.80481,0.00000,0.00000,0.0000,0,1084.40828,952.71626,1048.62497,3.44903,15.48511,16.34987,13.89040,0.89702,n/a,
337,1.27789,7.83957,0.00000,0.00000,0.0000,0,1180.76654,934.50685,1042.30380,2.71613,1.34637,1.57969,0.97803,0.72642,n/a,
338,1.11591,7.08491,0.00000,0.00000,0.0000,0,1183.16648,929.14867,1042.77045,2.75130,1.28689,1.50173,0.94503,0.73435,n/a,
339,0.68394,6.73256,0.00000,0.00000,0.0000,0,1182.56649,930.57363,1043.97042,2.28519,1.09313,1.46391,0.60952,0.55759,n/a,
340,0.14399,1.64168,0.00000,0.00000,0.0000,0,522.88518,318.59097,1054.17013,2.64967,0.65029,0.72288,0.52625,0.80924,n/a,
341,3.22173,16.55091,0.00000,0.00000,0.0000,0,528.17451,322.15929,1054.17013,2.43229,1.83244,2.29528,1.16793,0.63736,n/a,
342,479.51524,327.75719,0.00000,0.00000,0.0000,0,145.48046,873.32072,1065.99143,3.46426,9.71109,10.21413,8.77812,0.90393,n/a,
343,68973.81789,8986.85294,0.00000,0.00000,0.0000,0,692.26319,1118.28318,1088.67518,3.50372,50.88173,53.48462,46.04981,0.90504,n/a,
344,131810.50847,13913.44073,0.00000,0.00000,0.0000,0,185.34389,586.85648,1104.73265,3.49431,63.14183,66.54912,56.84166,0.90022,n/a,
345,2636.13692,1022.64769,0.00000,0.00000,0.0000,0,722.71468,955.11900,1093.56287,3.46893,17.13917,18.04214,15.46654,0.90241,n/a,
346,2596.21631,1007.68232,0.00000,0.00000,0.0000,0,989.45721,256.48865,1099.39740,3.47603,17.05221,17.90964,15.45854,0.90654,n/a,
347,1096.02583,569.73431,0.00000,0.00000,0.0000,0,289.90223,750.43509,1101.77247,3.44664,12.79207,13.46670,11.54249,0.90232,n/a,
348,2408.60026,954.26993,0.00000,0.00000,0.0000,0,353.00202,1088.12511,1104.95656,3.50716,16.63114,17.42853,15.14414,0.91059,n/a,
349,2041.46747,861.12761,0.00000,0.00000,0.0000,0,332.04815,556.12120,1115.84438,3.47731,15.73915,16.55613,14.22415,0.90374,n/a,
350,4360.81331,1504.82308,0.00000,0.00000,0.0000,0,857.18370,150.67541,1119.42142,3.25351,20.27012,21.88607,17.38735,0.85778,n/a,
351,180.95662,177.98851,0.00000,0.00000,0.0000,0,554.32507,574.48266,1112.95436,3.35799,7.01765,7.52698,6.10006,0.86924,n/a,
352,2508.44677,989.68517,0.00000,0.00000,0.0000,0,457.84618,568.08131,1118.32941,3.47843,16.85785,17.74899,15.20754,0.90210,n/a,
353,741.81594,441.89136,0.00000,0.00000,0.0000,0,901.50590,176.92220,1116.21956,3.43348,11.23136,11.85995,10.07238,0.89681,n/a,
354,0.41396,3.64334,0.00000,0.00000,0.0000,0,905.82433,1211.36568,1117.61833,2.64677,0.92467,1.07690,0.68173,0.73727,n/a,
355,3874.71963,1315.80921,0.00000,0.00000,0.0000,0,349.57378,801.64161,1130.13628,3.48627,19.48710,20.46546,17.66846,0.90667,n/a,
356,1037.02685,552.27028,0.00000,0.00000,0.0000,0,685.64908,852.73707,1128.71407,3.43555,12.55829,13.25870,11.26651,0.89714,n/a,
357,23870.02093,4473.46684,0.00000,0.00000,0.0000,0,438.48063,993.10467,1140.04841,3.44619,35.72329,37.73525,32.01547,0.89621,n/a,
358,3971.74038,1333.84931,0.00000,0.00000,0.0000,0,1063.11249,998.52472,1135.50430,3.48631,19.64841,20.60528,17.86592,0.90928,n/a,
359,38089.93447,7561.07949,0.00000,0.00000,0.0000,0,771.13714,1247.66749,1152.90180,2.73221,41.74494,49.05881,30.22579,0.72406,n/a,
360,3.70768,17.49848,0.00000,0.00000,0.0000,0,1234.76501,679.03790,1128.93944,2.24214,1.92030,2.36007,1.27132,0.66204,n/a,
361,8469.89102,2229.04678,0.00000,0.00000,0.0000,0,1094.02923,749.51813,1142.68938,3.46049,25.29063,26.63696,22.79869,0.90147,n/a,
362,83569.80316,10246.38130,0.00000,0.00000,0.0000,0,700.54500,181.96139,1162.18828,3.49516,54.24382,57.10976,48.93619,0.90215,n/a,
363,134.64655,148.63120,0.00000,0.00000,0.0000,0,947.06324,443.71625,1143.07816,3.29340,6.35915,6.87828,5.43546,0.85475,n/a,
364,12939.43939,5001.66194,1.77465,4.84189,0.0137,1,81.31524,734.92079,1167.62590,1.55679,29.12766,39.90086,15.52217,0.53290,n/a,
365,2348.38638,946.07995,0.00000,0.00000,0.0000,0,726.16616,1097.39973,1154.06813,3.46940,16.49138,17.35358,14.89337,0.90310,n/a,
366,1684.58480,761.24406,0.00000,0.00000,0.0000,0,240.87960,554.19225,1154.38462,3.45625,14.76266,15.56636,13.27762,0.89941,n/a,
367,34760.27421,5717.45926,0.00000,0.00000,0.0000,0,122.01629,586.41502,1167.12719,3.48351,40.49128,42.66057,36.47803,0.90089,n/a,
368,28810.30399,5035.42427,0.00000,0.00000,0.0000,0,740.64393,1121.60431,1169.46060,3.50299,38.03497,40.03530,34.32915,0.90257,n/a,
369,457.70109,323.92734,0.00000,0.00000,0.0000,0,1099.75564,612.41692,1163.11508,3.39016,9.56154,10.15427,8.47785,0.88666,n/a,
370,134.78154,145.19010,0.00000,0.00000,0.0000,0,327.57371,786.68354,1165.94933,3.35628,6.36127,6.79819,5.56986,0.87559,n/a,
371,0.03600,0.62350,0.00000,0.00000,0.0000,0,1066.76977,1097.96889,1162.76705,2.54034,0.40966,0.44550,0.34640,0.84558,n/a,
372,17429.28643,3604.56266,0.00000,0.00000,0.0000,0,587.35986,904.90531,1181.16262,3.47571,32.16822,33.87282,29.01204,0.90189,n/a,
373,0.03600,0.62350,0.00000,0.00000,0.0000,0,463.78686,142.19597,1171.76680,2.54034,0.40966,0.44550,0.34640,0.84558,n/a,
374,0.03600,0.62350,0.00000,0.00000,0.0000,0,573.58375,417.58817,1172.96677,2.54034,0.40966,0.44550,0.34640,0.84558,n/a,
375,0.03600,0.62350,0.00000,0.00000,0.0000,0,574.18373,418.18815,1172.96677,2.54034,0.40966,0.44550,0.34640,0.84558,n/a,
376,336.20242,266.94539,0.00000,0.00000,0.0000,0,357.57956,1178.20478,1178.53569,3.35728,8.62715,9.21799,7.55666,0.87592,n/a,
377,1330.94186,647.94742,0.00000,0.00000,0.0000,0,966.49251,446.15190,1180.93392,3.47900,13.64751,14.36134,12.32454,0.90306,n/a,
378,2.46579,12.91520,0.00000,0.00000,0.0000,0,572.86377,418.42814,1175.36670,2.51937,1.67617,2.02757,1.14553,0.68342,n/a,
379,166001.10411,16395.39475,0.00000,0.00000,0.0000,0,926.31796,643.63171,1214.58923,3.41484,68.18740,72.24137,60.74917,0.89091,n/a,
380,408605.55956,29796.37943,0.00000,0.00000,0.0000,0,725.87371,874.68933,1224.79845,3.44456,92.06655,97.38831,82.27957,0.89370,n/a,
381,265.66642,227.50839,0.00000,0.00000,0.0000,0,599.32176,287.97062,1202.09054,3.37377,7.97589,8.50989,7.00633,0.87844,n/a,
382,191.48572,185.82167,0.00000,0.00000,0.0000,0,850.71790,1037.78260,1202.52193,3.32958,7.15121,7.69083,6.18289,0.86459,n/a,
383,137.57131,149.05071,0.00000,0.00000,0.0000,0,1052.23222,456.24448,1202.19094,3.30120,6.40486,6.88798,5.53790,0.86464,n/a,
384,4000.00698,1359.37847,0.00000,0.00000,0.0000,0,583.77062,575.05890,1208.74760,3.42470,19.69491,20.80153,17.65516,0.89643,n/a,
385,387223.79111,28632.91705,0.00000,0.00000,0.0000,0,1085.78656,941.67976,1242.95785,3.50377,90.43179,95.46801,81.14237,0.89728,n/a,
386,79614.52058,10177.21554,0.31677,1.42870,0.0004,1,651.07708,555.13202,1232.82976,3.39808,53.37418,56.91668,46.93692,0.87939,n/a,
387,0.35997,3.67803,0.00000,0.00000,0.0000,0,1163.96702,968.37256,1209.86572,2.40431,0.88258,1.08201,0.58722,0.66534,n/a,
388,0.35997,3.67803,0.00000,0.00000,0.0000,0,1163.36704,968.97255,1209.86572,2.40431,0.88258,1.08201,0.58722,0.66534,n/a,
389,0.14399,1.64168,0.00000,0.00000,0.0000,0,1162.76705,969.57253,1209.26574,2.64967,0.65029,0.72288,0.52625,0.80924,n/a,
390,2001.06090,879.41078,0.00000,0.00000,0.0000,0,672.65616,429.05422,1220.57383,3.31861,15.63462,16.73096,13.65274,0.87324,n/a,
391,166.33286,167.03217,0.00000,0.00000,0.0000,0,969.41238,418.00042,1221.28877,3.38636,6.82328,7.29164,5.97488,0.87566,n/a,
392,228.49058,209.53231,0.00000,0.00000,0.0000,0,880.12800,936.29224,1225.15520,3.29514,7.58502,8.16677,6.54287,0.86261,n/a,
393,0.03600,0.62350,0.00000,0.00000,0.0000,0,398.38871,270.59233,1224.56530,2.54034,0.40966,0.44550,0.34640,0.84558,n/a,
394,741323.40494,44100.91712,0.00000,0.00000,0.0000,0,823.46724,233.41863,1282.19990,3.50681,112.28878,118.48104,100.85823,0.89820,n/a,
395,367.13279,277.51293,0.00000,0.00000,0.0000,0,401.52743,983.93331,1232.42242,3.43478,8.88399,9.39868,7.93764,0.89348,n/a,
396,0.14399,1.64168,0.00000,0.00000,0.0000,0,371.98946,239.99320,1230.26514,2.64967,0.65029,0.72288,0.52625,0.80924,n/a,
397,397546.69662,36395.89778,0.00000,0.00000,0.0000,0,157.18767,843.94949,1290.74155,3.35651,91.22835,107.63445,65.53706,0.71838,n/a,
398,5.17456,18.11213,0.00000,0.00000,0.0000,0,368.45385,237.57184,1232.72936,3.01316,2.14598,2.40110,1.71418,0.79879,n/a,
399,1.92584,9.36683,0.00000,0.00000,0.0000,0,371.58947,240.19319,1232.66507,2.91361,1.54362,1.72672,1.23361,0.79917,n/a,
400,1204.09765,610.11787,0.00000,0.00000,0.0000,0,624.08907,1189.44990,1241.00449,3.45187,13.19941,13.93580,11.84130,0.89711,n/a,
401,229.96645,213.93154,0.00000,0.00000,0.0000,0,296.21644,425.87505,1240.69701,3.25507,7.60131,8.25206,6.44972,0.84850,n/a,
402,1918.70890,831.72289,0.00000,0.00000,0.0000,0,428.54326,346.92174,1245.80171,3.44511,15.41713,16.27101,13.84145,0.89780,n/a,
403,270.54400,228.86018,0.00000,0.00000,0.0000,0,238.18236,1081.57614,1247.16103,3.39527,8.02441,8.53513,7.09282,0.88391,n/a,
404,1207.53535,608.40044,0.00000,0.00000,0.0000,0,750.83480,448.77457,1251.09889,3.45398,13.21195,13.91617,11.90862,0.90135,n/a,
405,126.44825,148.80611,0.00000,0.00000,0.0000,0,366.42808,1169.41703,1253.17486,3.20409,6.22737,6.88233,5.09851,0.81873,n/a,
406,131795.58774,14024.16580,0.00000,0.00000,0.0000,0,830.29877,469.29364,1285.64790,3.45656,63.13944,66.81340,56.38649,0.89305,n/a,
407,0.30597,2.62516,0.00000,0.00000,0.0000,0,423.78799,311.19118,1256.96439,2.92150,0.83604,0.91412,0.69933,0.83647,n/a,
408,0.03600,0.62350,0.00000,0.00000,0.0000,0,424.78796,311.99116,1256.96439,2.54034,0.40966,0.44550,0.34640,0.84558,n/a,
409,0.03600,0.62350,0.00000,0.00000,0.0000,0,431.98776,317.39101,1256.96439,2.54034,0.40966,0.44550,0.34640,0.84558,n/a,
410,0.03600,0.62350,0.00000,0.00000,0.0000,0,432.58774,317.99099,1256.96439,2.54034,0.40966,0.44550,0.34640,0.84558,n/a,
411,0.03600,0.62350,0.00000,0.00000,0.0000,0,433.18773,318.59097,1256.96439,2.54034,0.40966,0.44550,0.34640,0.84558,n/a,
412,260.43786,221.99030,0.00000,0.00000,0.0000,0,1036.34523,538.30967,1262.34259,3.42767,7.92322,8.40605,7.03917,0.88842,n/a,
413,4134.80652,1474.74474,0.00000,0.00000,0.0000,0,755.64157,211.83544,1268.63357,3.20613,19.91371,21.66624,16.82246,0.84477,n/a,
414,0.03600,0.62350,0.00000,0.00000,0.0000,0,729.57933,1266.56411,1262.36423,2.54034,0.40966,0.44550,0.34640,0.84558,n/a,
415,31.64941,92.22313,0.00000,0.00000,0.0000,0,729.29453,1266.14261,1267.36915,1.89118,3.92454,5.41807,2.05910,0.52467,n/a,
416,2927.28017,1091.74193,0.00000,0.00000,0.0000,0,687.84763,1170.48870,1273.12047,3.48548,17.74824,18.64168,16.08776,0.90644,n/a,
417,0.03600,0.62350,0.00000,0.00000,0.0000,0,1031.97076,1131.56794,1264.16418,2.54034,0.40966,0.44550,0.34640,0.84558,n/a,
418,1231.94128,629.67470,0.00000,0.00000,0.0000,0,790.63773,449.77301,1274.78829,3.37289,13.30037,14.15739,11.73884,0.88259,n/a,
419,4603.80165,1489.35835,0.00000,0.00000,0.0000,0,661.06136,197.91105,1282.54077,3.44872,20.63982,21.77332,18.54679,0.89859,n/a,
420,0.89992,6.36496,0.00000,0.00000,0.0000,0,1196.02325,488.47187,1273.16393,2.70151,1.19785,1.42339,0.84832,0.70821,n/a,
421,0.03600,0.62350,0.00000,0.00000,0.0000,0,1196.96609,490.18611,1273.16393,2.54034,0.40966,0.44550,0.34640,0.84558,n/a,
422,1071.62891,564.72753,0.00000,0.00000,0.0000,0,988.44190,615.64552,1281.31739,3.44649,12.69644,13.40740,11.38562,0.89676,n/a,
423,1.16990,6.82139,0.00000,0.00000,0.0000,0,1196.36610,488.91115,1274.88888,2.77673,1.30732,1.47354,1.02903,0.78713,n/a,
424,0.03600,0.62350,0.00000,0.00000,0.0000,0,1196.96609,490.18611,1274.36389,2.54034,0.40966,0.44550,0.34640,0.84558,n/a,
425,234.67305,215.24745,0.00000,0.00000,0.0000,0,366.09099,1131.12871,1287.42837,3.30372,7.65282,8.27740,6.54149,0.85478,n/a,
426,372.58633,287.28283,0.00000,0.00000,0.0000,0,782.76587,159.06787,1289.74772,3.34873,8.92777,9.56269,7.78159,0.87162,n/a,
427,162.63418,168.73784,0.00000,0.00000,0.0000,0,778.63284,1108.64231,1291.46380,3.29249,6.77232,7.32877,5.78297,0.85391,n/a,
428,1260.42386,629.38325,0.00000,0.00000,0.0000,0,863.68080,808.42891,1295.21389,3.43942,13.40209,14.15411,12.01580,0.89656,n/a,
429,5447.05697,1657.57134,0.00000,0.00000,0.0000,0,221.62884,687.87667,1299.31750,3.48042,21.83003,22.97001,19.71700,0.90321,n/a,
430,102871.92939,11826.11308,0.00000,0.00000,0.0000,0,1085.44178,502.03381,1318.18010,3.45895,58.13434,61.35445,52.19226,0.89779,n/a,
431,0.62995,4.59213,0.00000,0.00000,0.0000,0,325.67077,220.91374,1293.56335,2.88085,1.06358,1.20902,0.82308,0.77388,n/a,
432,0.62995,4.36330,0.00000,0.00000,0.0000,0,791.61757,681.70068,1295.96328,2.91680,1.06358,1.17851,0.86624,0.81446,n/a,
433,1.00791,6.06674,0.00000,0.00000,0.0000,0,791.37758,682.18067,1297.16325,2.86384,1.24397,1.38964,0.99683,0.80133,n/a,
434,3352.97998,1207.88743,0.00000,0.00000,0.0000,0,606.34443,157.13573,1311.41065,3.45379,18.56995,19.60823,16.65543,0.89690,n/a,
435,137.45432,150.70294,0.00000,0.00000,0.0000,0,760.75344,1097.62260,1308.32034,3.27768,6.40305,6.92605,5.47253,0.85468,n/a,
436,1588.35598,730.85712,0.00000,0.00000,0.0000,0,1209.90967,677.03849,1312.37065,3.43653,14.47604,15.25251,13.03967,0.90078,n/a,
437,0.90802,6.59522,0.00000,0.00000,0.0000,0,842.54756,737.20768,1313.19136,2.48936,1.20143,1.44890,0.82607,0.68757,n/a,
438,3484.89977,1241.10658,0.00000,0.00000,0.0000,0,763.62387,794.94467,1325.20607,3.44718,18.81037,19.87603,16.84738,0.89564,n/a,
439,9755.58473,2600.93233,0.00000,0.00000,0.0000,0,489.23020,415.33723,1330.88338,3.31536,26.51052,28.77329,22.50482,0.84890,n/a,
440,0.03600,0.62350,0.00000,0.00000,0.0000,0,392.38888,307.19130,1331.96226,2.54034,0.40966,0.44550,0.34640,0.84558,n/a,
441,0.03600,0.62350,0.00000,0.00000,0.0000,0,392.98887,307.79128,1331.96226,2.54034,0.40966,0.44550,0.34640,0.84558,n/a,
442,15.72166,40.53132,0.00000,0.00000,0.0000,0,1010.39416,886.94196,1338.50132,2.81954,3.10814,3.59187,2.32734,0.74879,n/a,
443,0.14399,1.64168,0.00000,0.00000,0.0000,0,841.47616,746.97884,1337.36211,2.64967,0.65029,0.72288,0.52625,0.80924,n/a,
444,170.05854,173.86538,0.00000,0.00000,0.0000,0,758.80750,274.42472,1343.08219,3.27077,6.87385,7.43929,5.86863,0.85376,n/a,
445,692.05917,428.64935,0.00000,0.00000,0.0000,0,639.15813,791.52646,1349.92118,3.39052,10.97442,11.68090,9.68707,0.88270,n/a,
446,310043.01015,27130.05341,0.00000,0.00000,0.0000,0,1172.81238,864.19766,1386.90284,3.68708,83.97328,92.92881,68.56817,0.81655,n/a,
447,0.30597,2.62516,0.00000,0.00000,0.0000,0,892.57471,1221.56539,1350.96172,2.92150,0.83604,0.91412,0.69933,0.83647,n/a,
448,0.14399,1.64168,0.00000,0.00000,0.0000,0,891.57474,1222.16537,1350.86172,2.64967,0.65029,0.72288,0.52625,0.80924,n/a,
449,1095.26990,572.33791,0.00000,0.00000,0.0000,0,466.60759,483.18988,1357.90961,3.44007,12.78913,13.49744,11.48206,0.89780,n/a,
450,4635.66795,1497.67870,0.00000,0.00000,0.0000,0,1131.71556,744.08198,1375.36179,3.45528,20.68734,21.83405,18.57141,0.89772,n/a,
451,2316.16012,935.41597,0.00000,0.00000,0.0000,0,696.78069,926.30892,1375.45598,3.49317,16.41560,17.25550,14.85645,0.90502,n/a,
452,4.88568,25.12798,0.00000,0.00000,0.0000,0,1177.37954,936.36057,1380.30928,2.64778,2.10528,2.82816,1.16659,0.55413,n/a,
453,0.79193,5.34678,0.00000,0.00000,0.0000,0,1181.96651,925.67377,1389.16064,2.80994,1.14788,1.30458,0.88868,0.77420,n/a,
454,0.14399,1.64168,0.00000,0.00000,0.0000,0,1181.36653,927.27373,1389.56063,2.64967,0.65029,0.72288,0.52625,0.80924,n/a,
455,8.78235,38.34613,0.00000,0.00000,0.0000,0,1181.02368,926.61864,1393.98091,2.17140,2.55979,3.49370,1.37417,0.53683,n/a,
456,1889.74036,818.50495,0.00000,0.00000,0.0000,0,1095.99331,390.49636,1399.81271,3.46702,15.33915,16.14120,13.85263,0.90309,n/a,
457,1.00791,7.38313,0.00000,0.00000,0.0000,0,1180.16656,928.62369,1394.66048,2.59951,1.24397,1.53301,0.81909,0.65845,n/a,
458,3608.87323,1259.15274,0.00000,0.00000,0.0000,0,1113.75052,703.38910,1415.70778,3.46784,19.03083,20.02001,17.19667,0.90362,n/a,
459,3448.03890,1215.50539,0.00000,0.00000,0.0000,0,191.55762,826.93230,1419.81178,3.48859,18.74381,19.66996,17.02027,0.90805,n/a,
460,0.25198,2.65986,0.00000,0.00000,0.0000,0,1004.37154,914.37409,1410.56003,2.49284,0.78365,0.92014,0.56840,0.72533,n/a,
461,0.95392,6.07793,0.00000,0.00000,0.0000,0,1007.37146,916.08833,1410.64574,2.81837,1.22134,1.39092,0.94169,0.77103,n/a,
462,53262.56643,7626.83763,0.00000,0.00000,0.0000,0,790.40948,815.29890,1435.78405,3.51036,46.68111,49.27167,41.90143,0.89761,n/a,
463,0.41396,3.64334,0.00000,0.00000,0.0000,0,1189.76629,901.92444,1419.10979,2.64677,0.92467,1.07690,0.68173,0.73727,n/a,
464,0.03600,0.62350,0.00000,0.00000,0.0000,0,1189.16631,903.57440,1418.95980,2.54034,0.40966,0.44550,0.34640,0.84558,n/a,
465,0.30597,2.62516,0.00000,0.00000,0.0000,0,1188.56632,905.17435,1419.15979,2.92150,0.83604,0.91412,0.69933,0.83647,n/a,
466,0.52196,4.66151,0.00000,0.00000,0.0000,0,1187.96634,906.45432,1419.67977,2.52746,0.99895,1.21812,0.67183,0.67253,n/a,
467,0.03600,0.62350,0.00000,0.00000,0.0000,0,1204.76586,856.77572,1420.75974,2.54034,0.40966,0.44550,0.34640,0.84558,n/a,
468,449.38580,319.53575,0.00000,0.00000,0.0000,0,460.30713,468.58100,1435.79308,3.39247,9.50328,10.08521,8.43823,0.88793,n/a,
469,398.30614,297.49348,0.00000,0.00000,0.0000,0,788.57508,864.78776,1436.96283,3.35758,9.12864,9.73114,8.03324,0.88000,n/a,
470,199790.75682,18447.72181,0.00000,0.00000,0.0000,0,913.55758,313.18028,1470.83947,3.48065,72.53132,76.62958,64.98063,0.89590,n/a,
471,1598.37213,735.35716,0.00000,0.00000,0.0000,0,1077.02466,490.84531,1448.28803,3.47339,14.50640,15.29939,13.04160,0.89902,n/a,
472,19437.54671,3891.53983,0.00000,0.00000,0.0000,0,1139.21334,907.60701,1457.81666,3.45382,33.35910,35.19539,29.96893,0.89837,n/a,
473,461242.07620,32414.94741,0.00000,0.00000,0.0000,0,397.74002,1001.77521,1486.55587,3.49711,95.86133,101.57755,85.37581,0.89062,n/a,
474,1366.55184,657.55949,0.00000,0.00000,0.0000,0,418.13430,1204.41717,1449.21553,3.48794,13.76816,14.46747,12.46931,0.90566,n/a,
475,1.76385,10.33236,0.00000,0.00000,0.0000,0,1191.56624,895.47463,1444.45907,2.62276,1.49907,1.81353,1.02427,0.68327,n/a,
476,0.46796,4.69621,0.00000,0.00000,0.0000,0,1192.16622,893.97467,1444.75906,2.34931,0.96325,1.22264,0.59788,0.62069,n/a,
477,0.46796,4.69621,0.00000,0.00000,0.0000,0,1190.96626,896.37460,1444.75906,2.34931,0.96325,1.22264,0.59788,0.62069,n/a,
478,116.31511,136.18176,0.00000,0.00000,0.0000,0,519.71837,914.35118,1454.28025,3.24402,6.05637,6.58392,5.12470,0.84617,n/a,
479,682.47499,420.75523,0.00000,0.00000,0.0000,0,705.48602,1233.58996,1455.91339,3.42013,10.92352,11.57284,9.73214,0.89093,n/a,
480,311.47252,253.38847,0.00000,0.00000,0.0000,0,826.10453,767.03441,1455.17126,3.35174,8.41021,8.98087,7.37538,0.87695,n/a,
481,13007.87227,2982.86130,0.00000,0.00000,0.0000,0,795.80650,352.82151,1468.18922,3.46082,29.17892,30.81354,26.16522,0.89672,n/a,
482,2174.35917,899.40744,0.00000,0.00000,0.0000,0,803.78893,861.08383,1469.79705,3.46394,16.07352,16.92011,14.50528,0.90243,n/a,
483,3569.55557,1254.69185,0.00000,0.00000,0.0000,0,494.19967,623.42302,1474.28590,3.44883,18.96146,19.98451,17.06980,0.90024,n/a,
484,2105.92899,900.00606,0.00000,0.00000,0.0000,0,772.49281,697.06981,1475.28071,3.39097,15.90310,16.92574,14.03943,0.88281,n/a,
485,466.97930,330.54121,0.00000,0.00000,0.0000,0,948.16230,543.53641,1476.50144,3.36506,9.62572,10.25741,8.47663,0.88062,n/a,
486,64593.43125,8898.82638,0.00000,0.00000,0.0000,0,745.64642,567.43726,1501.72332,3.42191,49.78096,53.22203,43.55188,0.87487,n/a,
487,224.44992,213.65474,0.00000,0.00000,0.0000,0,244.98679,400.52540,1481.74320,3.19046,7.54004,8.24672,6.30316,0.83596,n/a,
488,163.50710,166.85232,0.00000,0.00000,0.0000,0,238.57584,1000.81060,1484.15457,3.35096,6.78442,7.28771,5.87971,0.86665,n/a,
489,267.07930,228.79276,0.00000,0.00000,0.0000,0,1009.10906,878.61156,1486.23127,3.35240,7.99001,8.53387,7.00405,0.87660,n/a,
490,73047.29463,9468.72584,0.00000,0.00000,0.0000,0,763.37050,495.70531,1512.53634,3.45240,51.86430,54.89981,46.28751,0.89247,n/a,
491,0.14399,1.64168,0.00000,0.00000,0.0000,0,501.58579,1255.76442,1487.05787,2.64967,0.65029,0.72288,0.52625,0.80924,n/a,
492,0.25198,2.65986,0.00000,0.00000,0.0000,0,500.38582,1255.16444,1488.55782,2.49284,0.78365,0.92014,0.56840,0.72533,n/a,
493,0.14399,1.64168,0.00000,0.00000,0.0000,0,501.88578,1255.76442,1488.55782,2.64967,0.65029,0.72288,0.52625,0.80924,n/a,
494,0.03600,0.62350,0.00000,0.00000,0.0000,0,988.17200,1163.36704,1489.75779,2.54034,0.40966,0.44550,0.34640,0.84558,n/a,
495,0.59395,4.57859,0.00000,0.00000,0.0000,0,989.37197,1164.20701,1489.87779,2.66468,1.04292,1.20723,0.77834,0.74631,n/a,
496,2083.79987,887.31923,0.00000,0.00000,0.0000,0,247.36542,418.22603,1500.61967,3.43759,15.84720,16.80603,14.09053,0.88915,n/a,
497,133.38666,150.33586,0.00000,0.00000,0.0000,0,379.03378,481.02707,1498.42559,3.21041,6.33925,6.91761,5.32355,0.83978,n/a,
498,2977.13593,1141.41614,0.00000,0.00000,0.0000,0,1164.25672,516.56356,1509.47658,3.35145,17.84843,19.06106,15.64970,0.87681,n/a,
499,0.35997,3.67803,0.00000,0.00000,0.0000,0,684.88059,1274.36389,1503.55740,2.40431,0.88258,1.08201,0.58722,0.66534,n/a,
500,0.03600,0.62350,0.00000,0.00000,0.0000,0,680.38072,1274.96388,1503.55740,2.54034,0.40966,0.44550,0.34640,0.84558,n/a,
501,913.19737,509.84394,0.00000,0.00000,0.0000,0,719.06861,841.10854,1512.31348,3.43548,12.03710,12.73925,10.74679,0.89281,n/a,
502,0.03600,0.62350,0.00000,0.00000,0.0000,0,304.19138,251.39288,1506.55731,2.54034,0.40966,0.44550,0.34640,0.84558,n/a,
503,0.03600,0.62350,0.00000,0.00000,0.0000,0,303.59140,251.99286,1506.55731,2.54034,0.40966,0.44550,0.34640,0.84558,n/a,
504,0.03600,0.62350,0.00000,0.00000,0.0000,0,304.79136,251.99286,1516.75702,2.54034,0.40966,0.44550,0.34640,0.84558,n/a,
505,0.03600,0.62350,0.00000,0.00000,0.0000,0,304.19138,252.59284,1516.75702,2.54034,0.40966,0.44550,0.34640,0.84558,n/a,
506,393.80652,289.52070,0.00000,0.00000,0.0000,0,407.11194,944.93703,1525.77503,3.44965,9.09414,9.59986,8.16121,0.89741,n/a,
507,610.75108,398.88926,0.00000,0.00000,0.0000,0,410.02084,953.48868,1534.79698,3.35538,10.52661,11.26811,9.18678,0.87272,n/a,
508,0.14399,1.64168,0.00000,0.00000,0.0000,0,922.17387,1207.16580,1530.85662,2.64967,0.65029,0.72288,0.52625,0.80924,n/a,
509,0.03600,0.62350,0.00000,0.00000,0.0000,0,920.97391,1207.76578,1530.55663,2.54034,0.40966,0.44550,0.34640,0.84558,n/a,
510,9806.47540,2455.97933,0.00000,0.00000,0.0000,0,648.26107,1096.84273,1546.41636,3.47395,26.55654,27.96002,23.95739,0.90213,n/a,
511,165564.59621,21418.26021,0.00000,0.00000,0.0000,0,559.11769,535.62866,1558.23376,2.39236,68.12758,82.56903,46.38040,0.68079,n/a,
512,181.33459,176.97304,0.00000,0.00000,0.0000,0,711.13830,448.08308,1537.64376,3.34304,7.02254,7.50548,6.14787,0.87545,n/a,
513,1109.46169,580.42459,0.00000,0.00000,0.0000,0,514.46263,642.68621,1547.41267,3.43226,12.84413,13.59246,11.46879,0.89292,n/a,
514,94086.70518,15541.24833,0.00000,0.00000,0.0000,0,378.65812,1151.20709,1561.52201,2.22373,56.42998,70.33444,36.32400,0.64370,n/a,
515,4099.15155,1375.63534,0.00000,0.00000,0.0000,0,766.37844,1152.04009,1553.92536,3.46399,19.85631,20.92554,17.87895,0.90042,n/a,
516,4.89558,22.36053,0.00000,0.00000,0.0000,0,733.65064,1270.33543,1547.31330,2.36057,2.10670,2.66788,1.31363,0.62355,n/a,
517,34513.98315,7794.45585,0.00000,0.00000,0.0000,0,1106.03049,709.96497,1563.88770,2.31702,40.39542,49.81016,26.56810,0.65770,n/a,
518,3194.96241,1168.55035,0.00000,0.00000,0.0000,0,479.37112,1158.63869,1562.98174,3.43525,18.27353,19.28629,16.40475,0.89773,n/a,
519,918.15595,509.14609,0.00000,0.00000,0.0000,0,1060.89480,516.32947,1560.68570,3.45208,12.05885,12.73052,10.81995,0.89726,n/a,
520,1446.51004,741.66010,0.00000,0.00000,0.0000,0,199.68063,1015.81567,1567.06348,3.12952,14.03161,15.36482,11.70221,0.83399,n/a,
521,0.30597,2.62516,0.00000,0.00000,0.0000,0,485.58624,1252.76450,1561.95574,2.92150,0.83604,0.91412,0.69933,0.83647,n/a,
522,0.62995,4.36330,0.00000,0.00000,0.0000,0,487.42619,1253.36449,1562.23574,2.91585,1.06358,1.17851,0.86624,0.81446,n/a,
523,0.03600,0.62350,0.00000,0.00000,0.0000,0,489.58613,1253.96447,1561.75575,2.54034,0.40966,0.44550,0.34640,0.84558,n/a,
524,2088.56046,1213.82343,0.00000,0.00000,0.0000,0,1055.81069,677.19229,1568.38085,2.24803,15.85926,19.65635,10.32388,0.65097,n/a,
525,410.63509,667.74878,0.00000,0.00000,0.0000,0,584.25156,382.09617,1570.21087,1.21079,9.22187,14.57913,3.68973,0.40011,n/a,
